data: dataset/cifar-10/.red
d:1:1.270520374784219,5.492224939899179,5.492225168458223,9.713929733573183
d:2:0.809562963848256,5.492224932987606,5.492225165789318,10.174887134928667
d:3:0.6090687060633364,5.492224934475356,5.492225164472487,10.375381392884506
